$ANSIBLE_VAULT;1.1;AES256
30663535393561303064636339636466373933623764663436636565643433336364623166396435
3737353133376331343962376563663535356639653830630a373738633430386666333733636636
34353339383739356533616433613537373266346465663838636436623237326461306362633031
6364333830323131380a353932383232663265363438666235343764623161633532666231306262
38303464356163353036393161373163666131616633353063313364373331356364646566306137
37383264386632636632323364303232376635346338616264323231356432333933356330363863
63306335383961623066653464656264666430663536633537303036646635353364643631353531
61613166343862633432346462313263343433333066316133666436353563653138313433386134
31313231383535326461373631333665303234376131393330336438313962363339313336306339
35663539313630363035326237613231373831323036313232343361353930663732646666373734
64363264636636376462616134623665616330623935346165373938396166303463643435353261
65653130393833303233316532353636373834333961346630323134313165366363363032353132
33656433393866636438626538653864666331303733313462366232623163333134383132336262
36346237333366396136643164613161343831306434646339646530373233633233323065666436
63346139646333643835613636343162336137653239636334306235613363343036643761356431
30363739396130623839316264306163616631363531643135313939626332633634313231343063
36303565646133666165373934393238316339343033356539313961626134383230393339313135
64303334343932343565376339363265356638316134386435386631636437313232613266633065
37353837623833616364323736663262306431396132353933383062323336653836353163363935
37356564313563306431643832613532653337616362366236613434343362333463633135613031
32363762393833336132343438316165323266643235323338643064336438373031376633626639
38663066396331383736633039366434366333366466313066646366336232343666383839353164
36303365646130323034653165646263326237666163313732313433316235333836616432356430
64303265633033396239643731613033613438366166383062653130633233643866353239313130
36633633363437343530346430383465306561313265316436316330303232373562
